2.047 0.496 1.24
2.047 0.496 1.233
2.047 0.496 1.232
2.047 0.497 1.232
2.047 0.496 1.235
2.047 0.496 1.235
2.047 0.495 1.232
2.047 0.495 1.231
2.047 0.496 1.24
2.047 0.496 1.235
2.047 0.496 1.231
2.047 0.497 1.231
2.047 0.497 1.235
2.047 0.487 1.233
2.047 0.496 1.235
2.047 0.496 1.235
2.047 0.492 1.243
2.047 0.499 1.231
2.047 0.496 1.231
2.047 0.496 1.232
2.047 0.496 1.24
2.047 0.499 1.235
2.047 0.499 1.232
2.047 0.499 1.233
2.047 0.499 1.232
2.047 0.495 1.228
2.047 0.494 1.231
2.047 0.495 1.23
2.047 0.496 1.239
2.047 0.496 1.231
2.047 0.496 1.235
2.047 0.496 1.231
2.047 0.496 1.231
2.047 0.496 1.24
2.047 0.492 1.241
2.047 0.496 1.24
2.047 0.491 1.231
2.047 0.496 1.238
2.047 0.497 1.231
2.047 0.494 1.235
2.047 0.496 1.235
2.047 0.496 1.23
2.047 0.497 1.238
2.047 0.495 1.232
2.047 0.489 1.235
2.047 0.494 1.233
2.047 0.495 1.235
2.047 0.494 1.24
2.047 0.495 1.235
2.047 0.499 1.231
2.047 0.494 1.235
2.047 0.495 1.239
2.047 0.492 1.235
2.047 0.496 1.235
2.047 0.496 1.238
2.047 0.492 1.231
2.047 0.496 1.235
2.047 0.494 1.235
2.047 0.492 1.231
2.047 0.497 1.231
2.047 0.496 1.24
2.047 0.497 1.228
2.047 0.495 1.233
2.047 0.496 1.236
2.047 0.496 1.233
2.047 0.494 1.235
2.047 0.497 1.235
2.047 0.496 1.231
2.047 0.496 1.24
2.047 0.499 1.24
2.047 0.496 1.238
2.047 0.496 1.235
2.047 0.496 1.231
2.047 0.496 1.233
2.047 0.497 1.231
2.047 0.499 1.238
2.047 0.496 1.231
2.047 0.492 1.232
2.047 0.494 1.239
2.047 0.497 1.231
2.047 0.496 1.235
2.047 0.496 1.235
2.047 0.495 1.231
2.047 0.494 1.235
2.047 0.496 1.235
2.047 0.496 1.238
2.047 0.494 1.232
2.047 0.497 1.236
2.047 0.492 1.231
2.047 0.496 1.233
2.047 0.491 1.233
2.047 0.496 1.235
2.047 0.496 1.231
2.047 0.496 1.238
2.047 0.691 1.248
2.047 0.415 1.231
2.047 0.494 1.24
2.047 1.591 0.745
2.047 1.635 0.488
2.047 1.633 0.527
2.047 1.584 0.534
2.047 0.105 0.992
2.047 0.26 0.716
2.047 0.563 1.384
2.047 0.449 1.433
2.047 1.532 0.553
2.047 1.681 0.038
2.047 1.68 -0.218
2.047 1.804 -0.173
2.047 0.496 1.231
2.047 0.496 1.231
2.047 0.495 1.232
2.047 0.499 1.231
2.047 0.496 1.235
2.047 0.491 1.232
2.047 0.494 1.235
2.047 0.496 1.231
2.047 0.492 1.236
2.047 0.496 1.233
2.047 0.495 1.235
2.047 0.492 1.231
2.047 0.495 1.233
2.047 0.495 1.235
2.047 0.496 1.24
2.047 0.496 1.235
2.047 0.494 1.233
2.047 0.496 1.228
2.047 0.496 1.23
2.047 0.492 1.231
2.047 0.494 1.23
2.047 0.496 1.231
2.047 0.492 1.235
2.047 0.494 1.232
2.047 0.488 1.235
2.047 0.492 1.235
